-1,-1 0,0 1,1

0,0 0,0 0,0

-1,-1 0v,0 1sdef,1ewa
null
-2,-1 0,0 5,4

0.77 6 1.34 3.1

0,-6 0,5.7 7.6446,8.761

1.732,0 3,8.56 10.564,9.61561
8
0,2 1,3 100.0,95.0
1,2 -2,0 0,0
13,2 -2,3.65 -1000.95, 150.20

5,8.93 -2,1.6 70.645, 35.561
5,4.31 4.532,0 700.25,800.66
1,2 -2,-3 -259,97654,-1654.987654
9,2 -2,4.31 -80.321,60.456

5 d.93 -2 18
7 4.31 4.532
0.577 0 1.634 0.93

0 -1 0 12
1.742 0 0 0
0 1 0 -9

0.577 0 df4
0 -1 0 1.42
1.732 0 0 -9

0 1 0 7.3
2 1.634 3.6 7.1

-1 -1 0 -1
1.733 0 0 -2
1 1 1 1